4294967279,89
4294967279,85
4294967279,77
4294967279,75
4294967279,74
4294967279,72
4294967279,67
4294967278,337
4294967279,523
4294967278,336
4294967279,522
4294967278,172
4294967279,329
4294967294,419
4294967279,566
4294967278,380
4294967279,168
4294967279,296
4294967278,166
4294967279,165
4294967279,164
151,6
151,5
151,4
151,3
151,2
151,1
4294967278,298
4294967278,334
4294967279,520
4294967279,519
4294967278,157
4294967278,156
4294967278,151
4294967278,152
4294967278,363
4294967278,150
4294967294,426
4294967278,148
4294967278,147
4294967279,145
4294967279,286
4294967278,329
4294967279,537
148,7
4294967279,138
4294967278,138
4294967279,136
148,6
148,5
148,4
148,3
148,2
148,1
4294967279,133
4294967278,284
4294967278,281
4294967279,263
4294967279,262
4294967278,376
4294967279,282
4294967279,281
4294967294,388
145,6
4294967279,317
145,5
4294967278,321
145,4
4294967279,316
145,3
145,2
145,1
4294967279,315
4294967278,319
4294967279,314
4294967278,318
4294967278,361
4294967279,320
4294967279,239
4294967294,1421
4294967278,247
4294967278,28
4294967278,27
4294967278,26
4294967278,25
4294967278,24
4294967278,23
4294967278,22
4294967278,21
4294967278,20
4294967278,19
4294967278,18
4294967278,17
4294967278,16
4294967278,15
4294967278,14
4294967278,13
4294967278,12
4294967278,11
4294967278,10
4294967278,9
4294967278,8
4294967278,263
4294967278,7
4294967278,6
4294967278,5
4294967278,259
4294967278,4
4294967279,321
4294967279,132
4294967279,131
4294967279,130
4294967279,129
4294967279,128
4294967279,127
4294967279,126
4294967279,125
4294967279,124
4294967279,123
4294967279,122
4294967279,121
4294967279,120
4294967279,246
4294967279,119
4294967279,118
4294967279,117
4294967279,116
4294967279,115
4294967279,114
4294967279,113
4294967279,234
4294967279,112
4294967279,108
4294967279,106
4294967279,105
4294967279,104
4294967279,103
4294967279,102
4294967279,101
4294967279,98
4294967279,96
4294967279,95
4294967279,94
4294967279,93
4294967279,86
4294967279,84
4294967279,83
4294967279,76
4294967279,236
4294967278,236
4294967279,235
4294967279,111
4294967278,231
4294967279,110
4294967279,230
4294967278,228
4294967279,109
4294967279,228
4294967278,226
4294967279,225
4294967294,188
4294967294,179
4294967294,170
4294967294,917
4294967278,225
4294967279,107
4294967279,223
142,6
4294967278,216
142,5
4294967279,215
142,4
4294967278,214
142,3
142,2
142,1
4294967278,344
4294967279,100
4294967279,99
4294967279,97
4294967279,309
4294967278,206
4294967278,203
4294967278,372
4294967279,204
4294967278,202
4294967279,202
139,4
139,3
139,2
139,1
4294967278,196
4294967279,196
4294967279,304
4294967278,309
4294967279,303
4294967278,342
4294967279,192
4294967279,186
138,5
138,4
4294967279,187
138,3
138,2
138,1
4294967278,186
4294967279,185
4294967278,314
4294967279,183
4294967279,182
4294967279,540
4294967278,305
4294967279,301
4294967278,304
4294967279,299
4294967278,458
4294967279,554
4294967279,173
136,5
136,4
4294967279,172
136,3
136,2
136,1
4294967294,1424
4294967278,364
4294967279,167
4294967294,1422
4294967278,164
4294967294,402
4294967294,191
4294967294,168
4294967294,112
4294967294,403
4294967294,450
4294967294,463
4294967294,457
4294967294,467
4294967279,166
4294967279,575
4294967278,457
134,6
4294967294,920
4294967278,382
4294967279,574
4294967279,552
134,5
4294967278,160
134,4
134,3
134,2
134,1
4294967279,159
4294967278,158
4294967279,158
4294967278,155
4294967279,157
4294967278,351
4294967279,155
133,5
4294967278,154
4294967278,153
133,4
133,3
133,2
133,1
4294967279,573
4294967294,1423
4294967278,350
4294967279,551
4294967279,328
4294967278,149
132,6
4294967294,909
4294967294,916
132,5
4294967279,144
132,4
4294967279,143
132,3
132,2
132,1
4294967278,142
131,6
4294967278,137
131,5
131,4
131,3
131,2
131,1
4294967278,134
4294967278,133
4294967279,267
130,5
4294967294,387
4294967278,456
4294967278,455
4294967279,571
4294967279,261
4294967278,265
4294967278,325
130,4
130,3
130,2
130,1
4294967278,279
4294967279,564
4294967279,534
129,5
129,4
129,3
129,2
129,1
4294967279,251
4294967278,253
127,4
127,3
127,2
127,1
4294967279,327
4294967294,415
4294967294,394
4294967294,448
4294967294,164
4294967294,453
4294967278,454
4294967278,245
4294967279,326
4294967278,243
4294967278,360
4294967279,240
4294967278,239
4294967279,312
4294967278,316
4294967279,544
4294967278,235
4294967294,1413
4294967294,173
4294967294,161
4294967294,965
4294967294,182
4294967278,229
4294967279,222
4294967278,219
4294967278,132
4294967278,131
4294967278,130
4294967278,129
4294967278,128
4294967278,127
4294967278,126
4294967278,125
4294967278,124
4294967278,123
4294967278,122
4294967278,121
4294967278,120
4294967278,119
4294967278,118
4294967278,117
4294967278,116
4294967278,115
4294967278,114
4294967278,113
4294967278,112
4294967278,111
4294967278,110
4294967278,109
4294967278,108
4294967278,107
4294967278,106
4294967278,105
4294967278,104
4294967278,103
4294967278,102
4294967278,101
4294967278,100
4294967278,98
4294967278,97
4294967278,96
4294967278,95
4294967278,94
4294967278,93
4294967278,92
4294967278,91
4294967278,89
4294967278,87
4294967278,86
4294967278,85
4294967278,84
4294967278,83
4294967278,81
4294967278,80
4294967278,79
4294967278,78
4294967278,77
4294967278,76
4294967278,74
4294967278,73
4294967278,72
4294967278,71
4294967278,69
4294967278,68
4294967278,67
4294967278,66
4294967278,65
4294967278,64
4294967278,63
4294967278,62
4294967278,60
4294967278,59
4294967278,58
4294967278,57
4294967278,55
4294967278,54
4294967278,53
4294967278,52
4294967278,51
4294967278,50
4294967278,49
4294967278,48
4294967278,47
4294967278,46
4294967278,333
4294967278,45
4294967278,297
4294967278,44
4294967278,43
4294967278,42
4294967278,41
4294967278,40
